accuracy: 0.602
best_params:
  max_depth: 5
  min_samples_split: 5
  n_estimators: 200
classification_report:
  '0':
    f1-score: 0.7378048780487805
    precision: 0.5931372549019608
    recall: 0.9758064516129032
    support: 124.0
  '1':
    f1-score: 0.17307692307692307
    precision: 0.75
    recall: 0.09782608695652174
    support: 92.0
  accuracy: 0.6018518518518519
  macro avg:
    f1-score: 0.4554409005628518
    precision: 0.6715686274509804
    recall: 0.5368162692847125
    support: 216.0
  weighted avg:
    f1-score: 0.4972726009311375
    precision: 0.6599491648511256
    recall: 0.6018518518518519
    support: 216.0
confusion_matrix:
- - 121
  - 3
- - 83
  - 9
model_name: RandomForest
precision_score of positive class (test-set): 0.75
