accuracy: 0.593
best_params:
  max_depth: 5
  min_samples_split: 5
  n_estimators: 200
classification_report:
  '0':
    f1-score: 0.7283950617283951
    precision: 0.59
    recall: 0.9516129032258065
    support: 124.0
  '1':
    f1-score: 0.18518518518518517
    precision: 0.625
    recall: 0.10869565217391304
    support: 92.0
  accuracy: 0.5925925925925926
  macro avg:
    f1-score: 0.45679012345679015
    precision: 0.6074999999999999
    recall: 0.5301542776998598
    support: 216.0
  weighted avg:
    f1-score: 0.4970278920896205
    precision: 0.6049074074074073
    recall: 0.5925925925925926
    support: 216.0
confusion_matrix:
- - 118
  - 6
- - 82
  - 10
model_name: RandomForest
precision_score of positive class (test-set): 0.625
